73731
4
5
40965
73736
90122
8203
8208
40979
24601
16410
49181
8222
32799
16419
8227
98348
32815
81970
81971
73780
90163
75
41040
90193
41043
65620
73817
92
90213
41064
24687
98427
82048
24706
65668
8326
32909
57488
49298
65700
49318
169
73898
171
41135
32943
186
49346
49347
98500
73930
16588
73936
57554
73938
16599
65751
220
98526
49375
65762
49385
41196
49388
8431
65776
98544
16624
16629
246
65784
33018
49407
257
65804
98575
57616
33043
57626
57629
16669
16677
311
74044
90445
16720
90449
82260
90455
90458
24927
352
65891
8551
98663
90477
74099
82300
384
90515
41367
49559
8605
49577
82346
41389
436
65976
8632
33211
74177
98756
16836
25031
8653
65999
41425
16852
33241
98778
66010
25052
16877
33263
74223
49659
82434
25090
8708
74247
57868
41490
536
57881
25114
66083
57892
8742
90669
49710
41519
90677
565
57909
57912
98870
90693
66117
49739
49740
74319
25173
82518
33368
82522
82527
98919
8808
82541
82544
66160
49777
74358
74365
8843
33421
654
66189
25243
58013
98976
58024
41642
90795
49838
98992
82615
25271
90809
99004
58045
82623
33472
49868
58074
66268
8926
49886
736
24570
41699
49891
90853
66283
49899
82676
66292
17147
772
17165
8974
58127
41750
25368
90905
58139
99102
33566
49953
25381
58151
814
33584
90931
25399
66367
17220
90949
33612
74573
17235
50005
58200
99182
17264
66432
74626
82818
41860
99206
50055
50054
82829
25495
91038
82851
91044
99235
82855
41896
91050
9135
58290
99250
66486
25529
74684
959
50118
58310
41929
91082
91083
973
17364
41941
33750
41942
91100
82910
17375
58337
82927
50166
99322
66554
99333
1033
99344
1040
82965
58393
33829
74797
1069
66607
33840
1073
58422
42044
66621
58429
99412
58452
91221
25691
33884
83039
42080
58466
1132
50285
25714
17524
66680
83065
50302
58495
83074
50311
33938
50327
58523
50332
33949
91292
9392
9397
50367
33989
1224
74956
74959
58577
83154
34003
91345
50390
66776
25820
74982
66791
25831
25833
91372
66796
83186
42233
9473
1287
50453
1306
17691
99615
75043
58660
99619
17703
58665
66858
9515
34100
99643
66879
58688
42307
50503
50507
50508
99667
99672
17759
9569
42345
75116
75123
75129
58746
34176
83328
99719
1418
9611
91534
9617
17809
42389
17815
75161
50588
26016
83365
26034
75187
83386
50624
67010
26051
83400
83403
67026
99797
17885
83423
91618
1506
99814
42477
9709
34290
67061
50684
17920
1540
83462
42503
34312
99853
42512
34323
75283
42518
26144
91696
50737
58935
50743
75322
34363
58940
9790
9796
1612
83532
99930
42588
1630
26207
91759
58993
18035
99957
42617
9851
75389
99965
18048
18056
26258
34451
42644
1685
26262
91799
75417
83643
42684
59073
26306
50883
67268
83653
18119
67272
1738
42701
83664
18130
75475
67287
18141
50920
67305
1770
18156
18159
26356
34558
34559
75522
34564
59141
83718
91914
83724
1804
50960
1812
91929
26395
1827
67364
91945
18217
10028
10049
18245
91977
26445
26454
67414
75612
1888
42849
51047
59241
18284
92020
59258
59261
83840
83851
75663
67482
67487
42927
59322
75721
1994
83915
51148
10188
75726
18393
75737
18399
26593
34787
26600
34793
26603
42993
42996
42997
83969
43011
67590
43022
10261
2072
67610
18460
84008
2089
2090
92208
43057
59442
51250
59443
26677
10299
59453
84035
43078
92243
34900
51299
18536
43114
75883
26733
10354
84082
10355
10360
43137
84101
2195
26777
43164
43169
75940
10404
18607
34993
51378
92344
59576
10426
2235
26817
51394
2242
92356
75971
59590
75969
92361
2249
84173
67789
51409
75987
10453
67800
18661
43248
43251
26875
2303
2306
10498
59652
35083
59668
92440
67873
59685
35111
26919
2346
26928
35127
67901
92489
59722
10572
18767
10579
59733
76120
51545
84317
59749
26987
92524
18797
84338
10617
2430
51584
76165
76174
35220
84373
92573
27039
92579
51625
84393
76212
10677
68021
27064
2489
35257
59836
51645
68034
35273
76235
59858
51667
68058
51674
18913
84453
2540
10737
27126
2558
18944
76290
84484
18956
84495
2577
76312
35353
43545
2592
59939
18982
35373
59952
35378
84532
84538
27195
84543
51776
92738
19022
68175
84561
59987
68182
92764
10844
19043
92774
84585
10864
35443
68220
76413
2689
51846
10886
51852
68239
27281
92817
10900
43670
27291
19101
27301
2726
27305
10922
35501
51890
51892
51900
27327
92871
27338
51916
10964
84693
76500
68318
43742
10983
27378
2819
2820
11015
27400
11023
92946
11027
68372
60181
27417
76583
92967
35635
52022
52026
76603
52030
84800
84811
52044
93007
84818
84840
60271
84848
19316
84855
60279
52095
19330
19331
11153
2963
19349
2967
93084
93086
93088
43937
93091
93093
52133
43945
84915
27577
11199
68544
76737
3011
35785
52172
43981
60374
84953
76761
43996
76771
3045
93158
68584
35819
93167
27635
11251
3064
93177
68605
68608
35845
60423
93200
27664
52245
76822
76826
68635
19486
60446
44064
3108
85030
3118
19510
3128
44091
35904
68678
44105
19532
68698
27741
27744
3177
60522
60523
35950
68721
76920
68729
76925
85129
60560
44177
35988
93333
68764
93340
3231
52385
36011
11440
44210
93363
93370
85179
19651
85189
27853
11477
68824
27867
93404
68837
60648
85237
77049
77053
93442
60690
44307
44309
93468
52513
3364
52529
11576
93509
36166
77133
85328
93521
77149
60767
28002
85362
77180
60796
3454
28032
11648
44424
85399
28057
44449
36258
69027
85412
44457
52651
11699
28084
93630
44484
60870
44497
77269
19927
93656
44505
60897
69090
3558
36326
60906
77293
69101
28145
60920
52742
60941
77330
60947
77339
93725
85538
36397
52784
3636
20021
36407
52797
69190
52821
36442
44638
85608
20073
20074
85625
52858
28287
11904
85638
28298
3728
36498
36509
3742
52893
52905
52910
11950
85687
61114
3771
28348
36545
28354
77508
69318
20166
44742
11979
77525
77537
77539
36583
52971
52976
28402
12025
20228
69385
77582
85780
3870
28449
12077
93997
44854
28480
53059
3908
20299
61259
12109
85863
53102
36719
61309
69502
61320
61321
77707
85900
44939
69533
36769
28579
53160
53161
94123
61355
28590
94135
4029
85960
28617
12235
94155
77774
94172
36828
53212
4065
36840
85993
61420
12274
28664
28672
77825
12289
53255
69641
61451
45068
45070
77841
69650
45075
69653
61461
45080
4126
28708
20521
77871
36911
53297
12335
53302
36919
4150
12342
86075
28737
53313
36934
12361
12364
20560
12372
4180
36949
45150
77923
12391
61544
28777
45161
77928
61550
20613
61574
36998
28809
20619
45197
12439
94361
53401
4249
61596
86177
20642
45221
4264
69805
28846
45231
94399
12480
37057
78020
37069
45263
28884
45269
12502
4315
20700
53469
20703
53478
53480
69867
28912
78065
45298
69874
61695
94477
69901
78107
12574
94497
94499
20771
78119
45354
53550
69934
53553
61746
94514
20795
37183
94534
78152
53577
69969
94545
61785
4449
20845
45429
29047
4471
4472
70008
37239
53634
4484
20873
12685
86418
94614
20887
45471
37280
20904
94635
78262
29112
45506
37318
53705
20949
45528
4573
61920
94695
70122
4588
12785
29171
53747
94711
86521
45561
20996
53778
86547
37396
70168
61977
12825
37406
53794
37413
29221
4651
86572
78390
12861
78398
37441
12872
21064
12882
12883
62037
37461
12887
45657
94814
53854
86628
12902
4712
37484
86640
78451
62068
78457
4738
78474
78476
29324
45710
4756
78492
37543
53945
94916
21189
86724
70348
94926
13008
29395
21205
21211
29407
21217
45793
4837
78575
62198
70398
4866
94982
13063
13070
45840
78616
45851
62242
21283
95012
4901
86821
37669
86822
4912
13105
78640
13109
70455
29495
54073
62265
13122
45894
21330
95066
95072
86882
13166
29555
29570
13187
54150
37769
70540
95116
70542
95133
70559
54177
45987
62379
45997
21422
5050
21440
78785
86984
62419
5082
5083
62434
29667
29666
62437
37863
70634
21483
21493
13303
70649
5115
87035
21505
70663
46097
37906
70675
78869
13334
46102
37916
13342
5154
70690
70692
62504
78891
46124
95289
87099
37955
5188
29764
95308
62541
95311
95316
29782
78934
87132
46193
29810
29817
54394
13438
54399
13442
46220
29837
46232
54427
13480
5295
62648
62656
87233
46287
70868
21717
46293
5336
21727
95461
13542
46309
95465
5353
70891
5360
13554
54515
46324
5370
13564
95493
46344
5398
70944
13601
46373
62757
70951
46377
13616
30003
70964
54582
13623
30011
62791
30027
87371
21837
62812
38240
71012
13674
46444
13678
71022
79218
5491
87411
71038
54658
62857
38294
54685
62891
21939
13750
87479
5566
46528
46530
87490
79302
5576
38347
87501
38356
54741
5588
95701
46551
38362
79322
95709
46558
46557
71141
13797
62950
87533
46577
22017
30215
95753
13835
38413
79379
87573
79386
95775
63008
22049
54822
30251
54836
5691
71229
30270
87613
22078
22081
71230
63044
79428
38471
95815
79433
46666
87637
5723
54875
79451
79454
38507
38513
30322
46726
79503
87695
63121
5778
87698
30365
79520
79536
22193
22194
87731
63159
14009
54972
46781
63176
30411
22221
5839
95954
71379
54997
38618
87771
71386
87773
63198
22246
30440
5865
87786
5869
14076
95998
55041
30465
5897
63242
30474
96017
46868
5924
55078
63273
55093
96053
96061
5953
38732
30541
30544
96085
71509
14180
96105
87915
63352
46975
38789
22408
14220
22412
22432
87969
6051
14245
71595
14254
96191
47046
88007
55239
88010
38861
47054
30678
22488
63451
6120
22506
96237
38903
22522
38907
88083
55324
22558
71710
71718
38957
79930
6207
63552
88131
71750
55367
55374
6227
88149
30813
39006
39025
6258
14450
63604
71797
96373
30834
79993
55420
71806
79999
30861
80014
39055
96401
6289
80021
55446
88215
39064
55454
63650
22692
39078
47272
22713
96442
71867
47294
63678
22721
14530
14546
80086
88280
63709
55519
6371
63723
6382
30959
6383
80115
88308
6389
14581
30967
30977
6404
39181
39182
80143
55567
39194
31007
71970
96546
88361
88362
80171
6448
39222
39224
55609
47421
6465
6467
63820
72017
31067
55653
14695
39281
6513
47475
72062
22915
72071
55690
80267
80271
88467
39316
22935
22936
31129
96671
96682
31147
63919
22964
14777
63937
39371
80333
88529
96728
63967
14816
39391
39395
96740
96748
80369
63985
80372
47606
80383
31239
96776
72205
6670
6672
88592
31250
6674
55828
80407
88607
31268
47657
47658
80427
23086
72268
23126
64096
47714
39527
80489
47728
64115
72315
23170
31363
47750
72327
55950
80526
96910
23183
39573
80537
55963
15004
6814
15006
39587
55972
15015
72360
72362
64174
23227
47805
56000
39626
96983
47845
39653
47852
56046
31474
56051
47864
64248
80635
23292
97023
15108
88843
64270
72464
15121
56094
80677
64297
15145
15149
64303
31535
72498
23356
39741
23358
31567
39760
47956
97109
39768
88928
31585
72544
64357
56169
31597
7027
97140
23413
88951
48000
56194
56198
97162
31630
56210
97171
88980
80792
97180
64414
88995
80804
23460
80806
23463
7081
72617
23465
7086
15292
31683
80839
48075
48076
89036
23505
56278
7131
80861
31709
15327
56296
31724
56309
80888
89080
15357
72702
72703
56320
97282
97285
97290
64525
31767
64552
64554
23598
97328
72758
48185
23610
15419
56381
31811
23621
89173
97369
48225
7266
72814
31857
97393
64628
72822
31863
40060
31874
15494
23687
48267
64652
15502
89234
97431
7322
64668
89245
31901
64671
40098
7332
72870
40108
7341
72882
89269
81077
97478
23752
89290
81101
89295
48336
31953
48339
15572
64732
72925
56542
40159
23789
7406
15603
15609
7418
40195
7432
97545
64788
32028
7454
7457
23844
40230
15657
81193
89388
64827
40254
89410
73035
23885
89423
15698
56665
32094
32095
40290
73061
23910
15730
73081
97660
48515
23940
7560
7562
64906
89482
73109
15766
15767
23971
48559
73136
81328
73139
15797
97729
24002
24004
40388
81353
97742
7634
40403
7650
73189
7653
56813
73204
65015
65019
81411
48648
7697
89621
97813
65051
89629
24100
15908
73254
65063
97830
7716
48687
32305
73278
81471
56896
32327
24136
73291
32336
24146
73298
24166
48753
48760
65144
89724
24193
81539
16004
73349
16008
89738
65168
7826
40599
7832
32411
24221
73374
48802
24227
65187
24229
32431
57008
24240
32441
65210
57021
24255
48832
81602
97991
57034
40655
40656
24276
24277
57051
7900
48866
16111
98032
57072
32508
40701
57094
81678
98064
32534
89880
57112
98072
98081
32546
98083
40750
16180
40760
40761
48955
7999
98113
98120
48974
16206
8029
48991
73571
16230
65385
24435
65398
40825
73598
24446
65419
57228
16274
49043
32664
90010
65438
16287
32672
73652
24502
81878
90080
16353
81890
16355
8165
98278
81897
98281
16367
57332
57333
40954
