720898
884743
360457
344075
425996
57357
860174
163860
319509
73749
778261
655387
696355
426021
679976
204841
786474
393259
671789
409646
245807
409648
868400
245811
352312
49209
679992
270396
770110
114753
163908
598085
852038
376904
254025
49226
155720
770126
286798
270415
483410
581715
966740
778332
770144
188513
327778
155746
155750
24680
122985
417897
393323
999528
925805
8302
942189
319600
516202
974962
245874
270454
204919
409725
475263
213119
811137
57473
401539
172164
426119
770184
549001
966796
245902
344208
712851
401556
237717
663701
368792
688281
860316
942236
434335
712868
917671
442539
106671
835766
508088
368825
786626
229571
24776
229577
172235
909516
417996
450764
41168
57552
991444
213206
295130
205022
123103
655585
147682
16611
852196
680165
360674
524514
631016
671977
229615
671985
377074
180468
868597
622839
434426
844027
252
254204
655614
917754
368895
811266
360707
737544
680201
16649
786698
827663
639250
827667
844052
770325
565526
516376
909593
991514
74013
229661
688417
196898
909602
434465
901410
606497
426279
909609
262442
131379
540980
696628
41270
237880
115000
442692
737605
450884
16711
98636
74063
205137
975187
49495
16729
606555
926048
844129
319840
565602
139618
909669
975206
778605
450929
500083
704885
450933
483701
172408
213369
680309
33147
409981
524674
287106
704900
926085
622982
876937
483725
983442
393618
893334
221590
426390
598425
958875
164251
860573
180638
541086
721310
876957
344482
688548
442792
377263
57776
680370
516533
590263
811449
25020
467390
33215
500160
33218
557507
115140
25029
164293
729545
500170
344523
156109
410061
664016
967121
8658
950737
557523
901584
197078
270806
467410
410073
786906
172505
221657
16863
721377
344546
303592
573929
713194
705006
917999
975344
49649
197106
852463
565746
188913
156151
909820
705024
483840
918018
115215
530
524819
778773
631317
188949
156184
25109
991770
90651
762396
516634
565790
901659
967200
393760
713250
164387
819752
229930
377388
885292
205356
98864
590390
66109
197183
238144
868929
664131
442947
459331
148039
238151
410186
721484
352845
426574
262747
909915
926305
877160
189033
33386
795243
967276
328301
590446
377455
189032
598645
746102
746103
664184
98937
205433
828027
598652
270973
754301
606847
639616
918144
336515
516742
623238
508550
410250
631435
90764
287370
402064
262801
328341
533144
623260
98974
303777
811686
123561
475828
639670
860860
639677
115391
33472
590530
926404
901830
983755
836301
500430
647887
418511
426707
303831
361176
484057
582362
942811
647900
287455
82662
811754
525035
410348
344812
885488
336625
369397
910071
926459
230142
131839
418561
828162
934657
590596
967430
25351
287496
811785
172808
156423
656141
713490
803606
926487
246552
492313
377626
770839
279322
656156
762654
566040
426784
795425
140064
967454
541476
451372
9007
369456
893752
852793
836409
58171
779068
992062
680783
484176
639825
312145
410448
369487
688981
656211
533335
705368
312153
303963
500572
795485
41820
66399
303969
90977
140132
156524
557932
869229
557936
648049
115572
213881
975742
869253
754567
770954
492426
598931
410515
983962
74652
893854
664480
377760
312228
820135
222120
811943
713647
566194
762803
615348
656308
189365
361399
115640
222140
66495
689089
730050
369605
246727
312265
607177
885707
811983
754639
787410
369620
33748
984025
17370
656348
238557
918496
517089
615392
812001
25573
902120
959467
541676
648174
648178
173044
214005
541686
25591
992248
386041
517114
525308
123901
214013
517119
107520
492545
828420
664585
664591
984081
730130
50195
123924
812052
156707
123943
525353
902185
500778
746541
664623
918576
361522
574514
525363
656434
140338
754743
205879
468024
17470
582718
885825
590914
918597
869448
672841
885834
263240
910412
623693
533584
107601
771153
574547
459863
697437
615519
754784
230497
468064
197735
672873
386155
631916
894063
861299
836723
672887
353402
869500
894077
492670
91261
66688
443521
951426
844931
558211
140420
722049
959624
9353
705673
525449
328845
541837
255119
140432
132245
197783
631961
697498
214170
877724
17563
885918
525472
435361
894113
17572
902309
238757
935079
165033
566444
844975
943281
771255
754872
746684
795836
369862
279751
328904
828617
632009
197835
623820
148681
156879
369872
50384
66773
476373
828631
124119
74968
410843
623836
304348
869599
255199
713953
787687
271594
492782
828654
74994
345333
173303
189688
345340
1278
492799
632072
812297
951563
746763
255245
476427
238862
632077
935188
804121
435486
296228
689446
689447
951592
828715
525612
263467
828722
279859
664884
804149
730422
165182
140609
353602
656708
509253
369997
42318
288084
25941
443732
902484
533848
558420
9563
525660
189792
796001
566627
148837
959846
132453
279910
75117
558446
173426
181625
312697
861566
279935
599432
484746
107915
755082
722318
157072
558483
714132
738709
746906
198042
230812
968091
927137
198052
320933
173481
886186
345517
640434
779701
271801
230844
550333
370110
206272
107969
452035
99782
132554
755146
640461
468430
796110
132564
837076
517590
804312
99804
976354
501224
771561
697834
427498
132584
910826
337390
837104
755185
869880
755193
517630
902654
411136
230913
624132
763397
140806
697865
263692
91665
476690
149009
673298
624152
91673
853532
288286
42526
599584
263714
337445
108070
198181
157224
575021
58940
67133
812606
697920
763457
403010
788033
58955
443979
345677
861773
362063
460369
460370
435794
624212
845398
804439
575065
263772
616029
935516
886364
18012
337506
353893
583271
575080
575081
738924
722541
992878
452209
9843
34427
247421
190078
403074
968323
747140
484997
689797
501385
984714
140939
714383
214671
829073
829071
34451
476819
788123
812699
730783
1698
59043
9892
26277
878249
435886
796337
575155
239284
698037
296634
526010
853692
788159
353988
214725
100041
255692
460493
739022
444110
771789
75474
181971
706260
616150
632535
468697
681690
485083
42715
534237
263897
771803
304862
419553
403169
141027
231137
861925
329445
624361
927465
329451
517871
345847
190199
296697
804600
722684
26369
976642
845569
648964
952066
837381
853763
739080
845577
591624
575243
894730
263946
460560
460562
173844
419605
968473
788254
485152
345893
747301
706343
255786
821035
845614
747312
296757
34617
698171
10044
771903
296768
370495
460611
444228
698183
91980
411471
214863
829265
190293
935766
214874
690010
198492
763741
845664
657248
214880
616288
51044
18278
845671
288616
591721
624490
141161
15033
116596
903029
214904
67450
640893
722816
124802
919429
739206
780165
780169
518026
673673
197400
780182
419735
255898
354202
919453
468895
378784
780194
313251
51108
427940
903076
984999
894888
559015
272296
190374
681900
395181
501678
419758
313268
411572
821174
550839
919482
100283
198588
346052
526277
174022
75718
419785
247756
870349
567245
518095
616398
100305
346065
321491
313297
51157
632789
665553
141278
26591
10207
960484
18405
706533
42985
993258
419819
690156
493550
362480
657394
395251
255989
485365
493559
75768
239610
444411
681981
911357
313348
174085
256013
313358
362513
509971
731156
632853
206867
231447
501784
550937
149529
182298
370715
403481
542744
477216
280609
878626
428066
993316
632877
272431
469040
739379
559157
968759
411703
731192
747580
108610
903235
149572
141378
444485
690247
469064
518216
870474
141389
403537
460883
682068
952414
485474
313444
714856
870504
75883
108652
567404
903279
182387
960628
870515
469109
714867
551032
690292
272502
452731
313465
944251
592000
772225
600197
51335
845961
657545
542860
84115
837782
780445
862366
264351
698525
845984
133284
420004
870566
665767
141477
821415
67755
624812
157873
927922
960692
649398
854199
919736
469177
633041
461017
264409
862427
452829
223454
313566
837855
624865
575715
493795
288996
92389
919784
198890
936171
747754
649454
747760
166131
125171
502009
92410
755962
346363
297214
141568
813313
35074
18689
624903
575753
436489
805135
108817
84245
141590
477466
764189
739615
772384
682273
551202
469282
35108
887072
805157
166184
18735
289075
239924
854323
559413
813369
403771
723260
903483
772411
108867
469318
747847
35144
133449
985418
158028
559437
665934
870737
584017
141652
592212
76118
821589
567644
239966
149854
682336
346466
84326
936296
649581
911726
477551
59759
747890
739699
903539
952690
887161
469378
493955
354692
338309
772486
846215
510345
182666
559499
657807
911759
436623
633235
420243
403859
534931
305556
821658
395682
141731
706979
780707
76200
182700
756146
592307
272820
633271
100793
698810
813502
125375
879042
936387
51652
821700
698819
428490
600526
494032
608722
469462
657880
174555
797148
494044
952801
125411
993766
879078
985577
346601
559596
952812
436717
461295
649712
240114
821746
27129
428538
76287
682495
657921
592386
928258
993794
657925
608775
125448
608777
10762
59914
182796
772621
444942
985611
256528
485900
846354
518677
330262
518679
961048
895513
510488
690715
485916
281117
215581
944671
780828
616994
584229
789032
543275
969261
379439
2610
461363
92724
346679
461374
223808
584260
748105
264782
617621
436816
494160
387667
59988
477783
428632
387673
838233
780887
232028
68188
453214
895581
117349
608870
420456
84585
723561
698987
51820
535151
903794
125564
43656
453257
903817
436875
35464
707216
76437
84631
191128
395931
232091
985765
125607
887468
338605
420528
182964
707258
248506
993981
445118
625345
174785
830146
76484
953030
707271
133837
838349
363216
420562
936661
617174
895706
543451
699100
289499
576222
125660
690908
756449
109281
576229
617189
305897
371434
35566
322287
609007
223986
527094
740087
822008
101116
273149
158461
658175
985855
142084
68358
289542
412426
682765
707346
322322
502548
830229
322328
174873
207645
559902
813855
125732
936745
150316
494381
68397
953138
76594
469813
174902
576311
936761
11067
11068
363330
76613
2886
35655
207688
600905
699210
723787
338764
215885
674639
535377
863068
363357
519005
969568
338785
977762
568167
576359
945003
428909
715630
838516
355189
93046
306037
437117
609150
11134
420736
256899
420741
76678
84870
863115
297870
658319
437143
338840
887707
134044
846749
486301
215972
445350
437164
117679
650160
543665
379828
11189
617398
510903
486328
576440
641982
289727
404415
928704
125889
707526
453576
412617
895945
863180
371660
830414
846799
977871
93139
617429
68567
740312
879578
977882
699356
494558
429024
281569
93154
912358
207847
306151
240617
191466
93163
445418
420848
617458
93173
953334
904181
912384
183296
150528
592903
11272
814088
551944
412684
502797
134158
429069
527375
576530
60434
510996
936984
93210
822299
896027
568347
35866
134177
887845
846886
609324
199731
363573
617528
429113
502841
805946
379967
560192
199747
76869
552008
355401
814156
904270
396369
150610
658516
232534
494679
863327
117858
625770
199789
289904
519280
191603
126069
412793
19577
101501
330879
175232
969857
478341
109706
625802
740498
216211
216210
27795
93334
371863
68760
437401
576663
19607
806044
937117
404638
994462
453797
715944
748713
421034
535720
879788
470188
437422
986287
232623
117943
453817
699583
535745
126149
797894
371913
593098
52425
486604
593105
478421
158934
969945
511195
560348
773340
199902
503006
912608
494816
552160
888036
191718
273639
216296
175336
68838
36074
249068
494828
527599
240880
290033
756980
896245
355575
871676
552193
781569
609541
68871
60685
519439
879888
281873
158994
249107
773396
806166
27927
93464
838936
355613
871714
306467
847140
462115
68903
666925
773421
937261
421168
953653
625974
658743
593208
232758
503093
593211
429374
691519
904510
36159
683326
11582
781632
175429
363847
634185
396619
453964
740688
314708
290132
961878
68950
93524
527705
77141
380254
462175
118112
486755
798052
118121
904554
224620
994670
306542
314734
224626
781683
855414
830839
363896
724344
11642
388475
413052
806267
298367
585088
519556
134538
44429
241041
36244
978325
511384
241049
535970
265634
421284
576933
52646
331175
798123
290520
355759
773551
560571
732603
830911
175552
339393
241095
93640
560585
413129
691661
683470
437713
372183
331229
257505
232934
347623
110055
388585
953830
495084
970223
945648
593392
830961
716276
830966
888310
585209
11770
372219
871934
372223
486914
503301
511494
355847
691721
224777
683534
69136
519697
577042
806420
314900
831003
888347
183836
429598
60960
306720
871970
216613
781862
896551
159270
364074
347691
855596
388653
159280
216625
511538
994867
560692
609844
675383
355895
503353
380473
650811
659006
437823
749120
273985
650815
241222
77382
323147
659020
732753
323153
962130
486999
11865
675418
290395
921194
306794
167537
650865
880249
61049
388731
36474
970369
503428
847493
102024
503434
675474
265876
175764
716436
110231
93844
536218
28318
380576
454304
765601
446122
143018
700079
896688
495281
257718
36535
593593
462522
765626
134841
184001
429762
569027
118468
822979
634564
495304
200393
995018
577228
954062
937679
69329
921298
11987
691923
151250
298712
552664
634586
773851
437979
487133
323294
511710
552672
429792
741089
61160
519913
364268
93933
921326
208630
585463
749307
847611
438013
233214
847612
806656
151298
110342
888583
12040
601862
552714
601867
511754
724749
847630
831247
192270
28435
675604
438036
397080
438041
134937
823066
53020
266009
847648
413473
995106
151331
700197
438055
85800
626472
634666
675629
372528
225075
970551
519991
110393
216889
700215
347960
77631
429888
552770
413509
618314
634702
20302
757585
421714
339797
331605
372566
110424
12120
110427
413535
782176
175970
692069
462694
954217
413546
405355
167787
888685
741230
454509
126833
954227
44917
290683
651133
536447
192385
348033
167814
864134
364427
610193
946066
847764
487317
323477
593816
356249
642968
159645
118687
331680
331682
454577
36787
946099
290747
339899
176061
724927
94143
724929
470975
307137
643012
520132
626629
757701
659394
593864
389064
749516
741326
249807
151507
511958
790486
856027
135136
85985
675809
684000
839652
487397
307175
724969
53226
757739
12268
806891
495598
184304
110580
864245
634870
298999
847864
307189
462836
970753
143362
339971
978946
389128
954377
53257
151565
536590
200719
593938
364562
176148
561170
651289
593946
299036
643101
749598
249885
643104
184356
847909
938022
946214
610343
258089
20517
86054
274480
823345
872502
167993
167995
544827
512061
905281
143425
4161
290882
962629
446535
618568
340042
28751
389201
397394
454739
774228
28757
979030
708699
987230
741470
831583
905318
946282
110702
381040
20593
94321
643187
741492
733306
585851
602234
528509
831614
36996
831625
323726
979088
946321
364690
364689
741528
938138
585882
692382
495774
651428
913573
331943
28846
135347
168116
676020
233651
102588
708803
184516
929990
897225
389322
405708
233679
749779
512216
364761
626905
717020
69857
397537
856291
643299
659685
192742
389353
905455
4336
119024
495860
602361
102650
676091
446716
258301
274688
143616
676101
569606
233735
241927
356616
700685
471309
28944
209170
807186
479511
192792
225561
921881
315675
610588
160030
946465
78118
135462
733490
504114
577845
553270
815414
889145
684348
364860
446784
684353
225603
397636
569668
880966
299334
979273
479566
29011
69971
274771
12631
45400
323927
389464
471388
258396
69983
561504
586080
184672
995679
864614
266601
438636
176493
651634
110964
332151
930169
143742
274817
921985
332167
78217
20878
201110
577945
86429
225694
45469
577949
414113
635293
553391
250290
258482
922036
831928
922041
53690
471481
561602
176579
45514
209355
266700
520652
315854
127439
946640
348627
135636
438747
37344
250336
823780
291302
405991
119272
233961
348650
831980
864752
389617
823794
455155
725492
209397
94707
512500
774654
422403
840197
233995
528909
856590
258573
479760
635412
561684
168476
78364
4639
881186
545315
250410
217644
569900
512556
635440
4657
348722
168500
397879
299580
733756
889406
463425
668229
741958
94791
29256
160329
668232
62025
406092
963154
70227
389715
127573
733782
53847
365144
561753
488026
201306
127580
733784
283227
94816
873057
316001
881251
21091
86631
258664
176745
561769
291435
586347
807536
242289
463473
578163
848500
438900
987766
299640
897659
848507
963197
840319
774787
832132
316038
709254
242313
823949
520847
946833
160401
873109
471704
307866
930460
578204
856732
332452
357029
602790
946852
856741
316073
316074
176811
881323
619178
422574
45739
619184
742065
660145
307889
496308
815797
463542
381622
471733
414396
799425
971458
103108
905925
627398
570054
275144
316105
635593
135881
225996
299724
430799
725711
357074
529113
398043
619229
70367
168673
553699
611049
996078
742129
996084
766711
971513
897785
291578
373501
586494
135934
447232
865025
627458
135939
299782
13063
733961
660235
897803
996108
324366
307980
717584
471821
758547
570134
717590
291610
856863
283423
398112
430879
480035
758560
693026
54054
889643
250669
635698
799542
70455
578358
95035
37692
185147
914242
54083
750404
545604
299846
643912
291658
996170
70476
709455
856912
529232
586575
430931
734036
947033
488285
340831
971616
627555
62308
54118
332648
455529
693097
349034
185197
562030
357232
45937
766835
209780
881525
996214
332662
562040
873335
357240
586619
422779
635771
684926
840580
807814
226183
29575
750473
611211
488336
816018
521109
570262
381845
807829
791454
725920
144289
267168
553888
758689
177064
463785
684973
857006
316336
504753
693174
684982
431033
447419
463808
152513
185280
685001
54223
291791
62417
308178
185298
46036
570324
529366
611282
865242
644062
111586
275429
676838
766951
95206
676841
472042
578539
250856
676839
881642
144369
529400
611321
13305
21499
799742
857089
250882
717831
128011
37899
504846
750606
848914
881682
250900
521239
95256
693280
275489
545828
726055
709672
824362
365611
775213
352723
390195
119860
767035
742460
111677
799806
980030
996418
472133
996423
46151
373833
799821
406606
775245
160849
169041
119891
996437
750679
971869
668771
95331
316517
177253
799846
562280
242799
521330
128114
259187
914549
865399
824439
316535
758907
562301
767105
87170
423045
373896
513164
78994
496788
5269
545945
971929
963738
62621
292000
668835
390308
234660
177318
95399
840878
341170
54451
562355
193718
5303
234680
750779
677052
87228
898238
660671
439489
136390
734408
488649
881871
226511
849105
423122
365779
185556
808147
849110
881879
128219
172025
881889
972002
308450
259298
161006
619766
136441
193786
627963
660735
177407
87297
857345
767242
619787
177420
234764
79116
546060
898320
513290
824588
357656
308505
152859
267547
668957
824608
963873
521506
218407
70952
13610
226608
644401
628020
242997
636214
455990
431413
292153
578870
488764
169278
595263
423237
161094
881993
742729
947531
38220
865617
103770
677213
906589
202079
537949
537953
882018
669026
816484
365924
865637
521576
38253
595309
152943
750960
808310
71031
275832
628089
5498
300411
169337
759165
292230
783751
931210
808335
13714
783762
857492
374165
423322
644509
341405
300450
677284
251301
13736
849323
177581
652718
406959
185776
21945
579003
13756
873916
955840
865732
570822
193990
914888
718279
488906
554445
5582
873933
972244
341461
447958
947671
996823
488916
579035
112094
333286
374248
382443
357872
325104
685554
611827
660990
685573
144904
833032
488970
914953
857612
685576
521742
194067
783893
792086
751126
587288
284185
251413
988699
488988
644637
603672
988709
841256
267816
538154
587308
898605
349742
185906
185907
30258
570933
824891
54846
95809
341571
685637
464456
46667
808524
341581
808526
325197
972372
693845
357974
923222
407126
865876
464475
988764
497254
685675
538230
341623
988790
71291
341630
251519
988800
726654
538242
259717
300678
833159
521862
325258
710287
980624
931471
841362
775828
513685
841364
284315
79516
30366
734879
734881
46756
849575
767655
669354
931501
349870
472752
530097
38576
693939
22195
661170
79544
317113
235194
808635
579262
693955
63172
800453
423622
759495
906950
243401
423621
857803
440012
972489
30414
87754
702163
22234
906976
186080
104162
939749
538343
218856
136940
939757
153328
931575
784119
161531
251645
669445
120583
579335
718601
284430
677650
292629
546585
407326
243487
251680
759586
169762
562980
46884
194338
718641
194353
243507
186164
456501
194358
300849
120637
137023
702275
259911
448327
79688
685898
857930
71500
440138
776014
46920
890704
194385
808787
923476
980820
456538
710491
964444
423773
227166
767837
497508
866151
497521
46965
636791
497528
956287
341888
997249
284547
522120
120713
808843
620429
128911
210832
497553
317329
341904
497551
169880
522139
751515
620447
251807
612257
915359
726947
735137
825248
669606
612263
989099
268206
268207
833456
882606
563122
718772
497589
677815
38839
530361
317369
546748
653247
784320
849857
63425
989134
227279
440274
874450
104405
907230
776166
628711
350185
120812
948205
759790
604143
956402
661491
178167
342008
522235
407555
546825
55310
227343
661522
923668
96277
88086
63512
243737
464925
931872
956449
759844
882725
972839
448553
30766
563247
776240
710709
776248
178233
686140
579645
907327
383040
342081
374849
342082
301122
776260
309318
604230
538696
186443
858188
350285
178254
211022
882766
342097
743510
956503
63576
358493
14432
915560
39018
858219
899182
153711
620658
850035
710772
129138
317561
235642
981113
292989
301186
374917
186508
850060
153740
497808
227473
718994
55440
587926
694427
931997
129185
841891
899237
866469
6310
661674
628906
522410
522415
194735
743602
800946
800949
759991
751804
383164
129212
243908
39111
243921
506069
710869
637143
604376
178393
514265
202968
112860
391393
841953
293094
39143
710887
760044
211180
309486
170224
694517
882936
760059
129278
334079
612607
334080
129282
841990
153865
317706
637195
751884
989450
399626
358677
6426
923931
342300
358686
14622
383265
792865
55587
948519
383273
661805
203054
686384
375089
727346
530739
325942
203064
981305
653625
694587
227644
997691
301374
907583
104768
596290
219458
153924
866626
47433
907593
702796
899409
653651
194910
448864
317796
80229
670055
899433
948585
792938
268650
399725
637294
285037
588143
55664
457074
784750
768374
293238
596344
645500
88444
39296
235914
571788
399759
432530
809362
55701
784793
22937
629146
309662
473505
989604
186789
899492
719273
301482
539049
874928
473523
383412
620981
170422
407988
383414
842164
358843
866749
727486
154047
719299
883140
612813
342478
195024
440785
539088
219603
104918
178649
227801
276955
940508
473567
850401
784867
874979
973289
825834
121321
588268
14829
940530
326132
670197
817653
416250
244222
555521
670215
342539
834060
489996
121355
96779
653842
956947
96795
23068
555551
498210
285219
14893
293422
14896
105011
875063
875067
547387
375357
948795
735809
514626
391745
989763
186945
637507
203335
244295
727627
850508
121421
277071
457297
72273
154197
637526
555607
260701
39518
55902
694881
539234
588387
760419
899685
653925
866921
645737
989805
23151
883311
907890
31354
195194
907900
580222
629375
719488
277122
842371
850564
760453
14983
80522
727695
629393
858771
727701
866967
408220
424607
801440
383647
653988
137894
47784
293546
187052
588461
572077
809649
39601
719541
162486
260789
23224
998070
957114
629434
727740
588477
768702
203447
326332
555705
400062
154307
826047
56006
703177
793292
703180
6863
481999
129750
613079
269016
342742
940764
695004
187104
154338
531172
293605
56038
162533
989925
809705
670446
998127
277233
588529
318198
47863
178936
662262
318202
88827
105212
424701
793340
23295
236289
64258
367364
809735
6920
867080
613129
342797
441102
506639
949012
236314
285467
572188
858907
80671
670496
400160
138021
236329
375593
482089
555821
875312
990003
752438
899895
908087
514876
703293
236353
392001
351042
269124
678721
916294
817990
752459
15179
605017
785242
588635
695132
269150
138078
473953
596833
457570
146274
752485
220005
88936
121704
80747
97132
564076
318317
506733
260979
203637
891765
768887
449407
891776
482177
539523
711556
588675
359311
326543
809873
736145
899989
269206
105367
506778
457633
965539
449445
596901
269223
449453
826286
441263
711600
15282
392114
15288
187320
269242
424889
719806
752574
940992
105408
277444
785348
564167
867272
64462
170959
138191
211921
842703
711633
89044
760789
916438
728023
392152
998360
498648
965596
162781
375776
465889
785377
900067
941028
146403
146404
15333
293864
596961
596970
523242
547821
416761
769022
629761
400386
105478
277515
834572
908299
523276
7180
89104
900110
261141
719893
982039
351256
367641
957474
580643
80930
539685
179238
48167
637993
728106
539692
891951
867377
687156
621625
777276
359485
252990
752703
89156
121926
138313
777295
490576
588879
40015
842836
629848
760923
818267
318557
523361
212067
285799
7274
793707
736365
851055
572527
670835
736374
294009
580731
466044
343164
867457
613507
646276
728195
646278
547973
138371
933000
752778
711822
629904
285841
556178
818322
261270
752794
40090
195739
973982
539811
318628
769188
375975
982184
761003
892076
720045
195758
416943
867504
425137
220338
892083
48307
826549
23734
867509
670905
23740
834749
859324
228543
56515
785608
597193
359628
31950
679121
237559
81108
7381
752851
802008
466138
261338
105692
203997
597214
285919
605409
564450
89315
56555
556269
244973
793841
15602
48376
826618
384251
343292
515322
531711
605440
572676
261381
908551
408840
220426
285963
351510
924950
539931
400667
187679
171302
417062
531756
523565
949549
941359
892206
605489
982324
154932
204087
23867
523580
752957
499004
777535
449853
671044
539978
949579
56652
965966
638287
154962
7508
843094
671063
154967
195932
662876
490846
302431
286053
367974
654695
646505
163177
392554
556395
302443
777584
310641
220530
236915
507252
458101
540017
982392
171387
400764
302468
531845
736650
302479
64912
376213
990614
662933
294300
540061
859551
933280
507301
941478
277926
56744
105896
294321
130482
834995
7607
703931
744892
818621
564670
622015
630208
474561
441790
15816
40393
835018
744904
458185
908754
392661
425430
392666
48603
286173
89570
187876
703973
368102
286183
228840
56807
835056
97778
155123
32243
56821
925176
237048
450044
261632
622081
146947
630277
851462
220680
56844
433679
564754
384531
679447
900632
687641
319002
605727
368162
319014
974375
163372
433708
499246
818734
302647
810555
7741
73280
712257
695874
982595
179779
794181
851520
540234
687691
171596
327246
458319
368209
343637
138840
843353
441951
949865
958058
425577
712300
491115
654959
999024
761459
368245
958070
605816
351868
810620
15996
589439
867968
16000
876162
867971
65155
548482
147081
573071
564881
507540
16021
499351
728728
884382
253600
482979
97957
736937
966314
802475
908975
179889
810679
933560
89784
687805
949952
212674
696004
433862
745158
319177
483019
540363
319180
802507
851660
147152
745165
122578
687826
294610
40667
483035
769757
57053
40669
646878
614109
630498
384738
392929
89829
974567
581352
990953
925418
327404
483052
646896
237297
884467
556791
589560
696055
892668
229116
327422
302847
212738
179972
851719
384775
540423
237322
614154
122636
597773
57101
352011
302867
335637
270102
57112
638745
65307
32540
638751
859935
614178
556835
622372
57122
7975
57133
147247
360241
147250
32563
851764
155445
130867
663350
556857
32570
474940
499517
671554
507714
499524
745285
540486
532290
663368
655173
98122
573252
540493
221007
458577
974676
458581
892758
556887
147287
769879
368469
212828
418421
81758
827233
409442
769891
556900
810855
982887
982891
122733
491373
73583
466805
753528
671608
917368
302971
8058
270200
245633
106370
900995
515973
892806
262023
835463
524170
737165
802704
663441
65431
368537
786331
394010
278432
614308
253862
581543
663464
597927
720810
491434
712620
688046
327599
40881
737206
442295
679864
737212
253887
507846
401360
696274
884691
171988
335829
565208
458715
671708
999388
753630
786401
24546
335844
614372
483300
65509
802793
901099
278510
278512
860145
114674
212979
368630
663543
794614
901113
589820
581630
